3.0 7
3.34375 6
3.375 7
3.46875 6
3.5 7
3.59375 6
3.625 4
3.71875 6
3.75 7
4.09375 6
4.125 7
4.21875 6
4.25 7
4.34375 6
4.375 4
4.46875 6
4.5 7
4.84375 6
4.875 7
4.96875 9
5.0 11
5.09375 9
5.125 7
5.21875 6
5.25 4
5.5 6
5.75 7
6.0 9
6.34375 12
6.375 11
6.46875 9
6.5 7
6.59375 6
6.625 7
6.71875 4
6.75 9
7.09375 12
7.125 11
7.21875 9
7.25 7
7.34375 6
7.375 7
7.46875 4
7.5 10
7.84375 13
7.875 12
7.96875 10
8.0 16
8.09375 15
8.125 13
8.21875 19
8.25 18
8.34375 16
8.375 22
8.46875 21
8.5 19
8.59375 25
8.625 24
8.71875 22
8.75 28
8.84375 27
8.875 25
8.96875 28
9.0 31
9.34375 30
9.375 31
9.46875 30
9.5 31
9.59375 30
9.625 28
9.71875 30
9.75 31
10.09375 30
10.125 31
10.21875 30
10.25 31
10.34375 30
10.375 28
10.46875 30
10.5 31
10.84375 30
10.875 31
10.96875 33
11.0 35
11.09375 33
11.125 31
11.21875 30
11.25 28
11.5 30
11.75 31
12.0 33
12.34375 36
12.375 35
12.46875 33
12.5 31
12.59375 30
12.625 31
12.71875 28
12.75 33
13.09375 36
13.125 35
13.21875 33
13.25 31
13.34375 30
13.375 31
13.46875 28
13.5 26
13.84375 28
13.875 30
13.96875 31
14.0 33
14.09375 35
14.125 36
14.21875 38
14.25 40
14.625 6
14.75 7
14.875 11
15.0 1
15.375 1
15.46875 2
15.5 4
15.59375 6
15.625 7
15.71875 9
15.75 11
15.875 1
16.125 1
16.21875 2
16.25 4
16.34375 6
16.375 7
16.46875 9
16.5 11
16.5416666667 6
16.5833333333 7
16.625 9
16.6666666667 11
16.7083333333 12
16.75 14
16.7916666667 11
16.8333333333 12
16.875 14
16.9166666667 16
16.9583333333 18
17.0 19
17.0416666667 14
17.0833333333 16
17.125 18
17.1666666667 19
17.2083333333 21
17.25 23
17.2916666667 18
17.3333333333 19
17.375 21
17.4166666667 23
17.4583333333 24
17.5 26
17.5416666667 23
17.5833333333 24
17.625 26
17.6666666667 28
17.7083333333 30
17.75 31
17.7916666667 26
17.8333333333 28
17.875 30
17.9166666667 31
17.9583333333 33
18.0 35
18.0625 33
18.125 36
18.1875 35
18.25 31
18.3125 26
18.375 23
18.4375 20
18.5 14
18.5416666667 19
18.5833333333 23
18.625 26
18.6666666667 31
18.7083333333 35
18.75 38
18.8125 37
18.875 40
18.9375 38
19.0 35
19.0416666667 31
19.0833333333 26
19.125 23
19.1666666667 19
19.2083333333 14
19.25 19
19.2916666667 23
19.3333333333 26
19.375 31
19.40625 35
19.4375 38
19.46875 43
19.5 47
19.5625 14
19.625 16
19.6875 18
19.75 19
19.8125 21
19.875 23
19.9375 24
20.0 26
20.0625 28
20.125 30
20.1875 31
20.25 33
20.3125 35
20.375 6
20.4375 7
20.5 8
20.625 36
20.875 35
21.0 28
21.25 28
21.625 26
21.75 25
22.125 28
22.25 30
22.4375 25
22.5 26
22.625 2
22.875 4
22.9375 6
23.0 7
23.0625 9
23.125 11
23.1875 12
23.25 14
23.3125 16
23.375 18
23.4375 19
23.5 21
23.5625 23
23.625 24
23.6875 26
23.75 28
23.8125 30
23.875 31
23.9375 33
24.0 35
24.0625 33
24.125 36
24.1875 35
24.25 31
24.3125 26
24.375 23
24.4166666667 19
24.4583333333 14
24.5 19
24.5416666667 23
24.5833333333 26
24.625 31
24.65625 35
24.6875 38
24.71875 43
24.75 47
24.8125 14
24.875 16
24.9375 18
25.0 19
25.0625 21
25.125 23
25.1875 24
25.25 26
25.3125 28
25.375 30
25.4375 31
25.5 33
25.5625 35
25.625 6
25.6875 7
25.75 8
25.875 36
26.125 35
26.25 38
26.5 2
26.55 5
26.6 8
26.65 12
26.7 11
26.75 5
26.8 8
26.85 11
26.9 15
26.95 14
27.0 8
27.05 11
27.1 14
27.15 19
27.2 17
27.25 11
27.3 14
27.35 17
27.4 22
27.45 20
27.5 14
27.55 17
27.6 20
27.65 24
27.7 23
27.75 17
27.8 20
27.85 23
27.9 27
27.95 26
28.0 20
28.05 23
28.1 26
28.15 31
28.2 29
28.25 23
28.3 26
28.35 29
28.4 34
28.45 32
28.5 26
28.55 29
28.6 32
28.65 36
28.7 35
28.75 29
28.7916666667 32
28.8333333333 35
28.875 39
29.1875 38
29.25 38
29.375 31
29.625 33
29.75 38
29.9375 36
30.0 36
30.125 29
30.375 31
30.5 36
30.6875 31
30.75 32
31.25 0
31.2777777778 3
31.3055555556 8
31.3333333333 12
31.3611111111 15
31.3888888889 20
31.4166666667 24
31.4444444444 27
31.4722222222 31
31.5 30
31.5416666667 31
31.5833333333 30
31.625 31
31.6666666667 30
31.7083333333 31
31.75 30
31.7916666667 31
31.8333333333 30
31.875 31
31.9166666667 30
31.9583333333 31
32.0 30
32.0416666667 31
32.0833333333 30
32.125 31
32.1666666667 30
32.2083333333 31
32.25 30
32.2916666667 31
32.3333333333 30
32.375 31
32.4166666667 28
32.4583333333 30
32.5 32
